1475436488 1
1476194724 9
1476194793 9
1476194892 11
1476195056 560
1476195944 607
1476225212 609
1476225355 610
1476225415 611
1476225445 612
1476225544 616
1476367931 702
1476799817 831
1476799901 831
1477073239 834
1477073292 1141
1477073408 1143
1477073544 1149
1477074325 1302
1477074439 1303
1477160547 1393
1477333452 1390
1477362520 1465
1478004464 1515
1478179419 1657
1478179662 1670
1478181267 1687
1478367738 1787
1478367874 1775
1478835305 1768
1478835329 1781
1478835456 1781
1478885613 1782
1479096303 1850
1479096569 1858
1479150134 1863
1479150270 1872
1479221406 1871
1479391431 1906
1479391543 1854
1479394011 1855
1479395196 1845
1479395246 1845
1479395415 1846
1479435298 1954
1479494870 1982
1479738998 1978
1480958776 2029
1480958862 2036
1481324444 2061
1481327857 2061
1483396847 2077
1483396937 2075
1483487753 2103
1483510985 2106
1484928823 2106
1484933391 2006
1484934514 2016
1484941620 2013
1484943927 2036
1485640177 2036
1485640194 2031
1485640676 1763
1485640887 1767
1485640939 1767
